10714
10716
10718
10720
12459
12461
12463
12465
12467
12469
12471
12473
12475
12477
12479
12481
12483
12487
12489
12491
12493
12495
12497
12560
12562
12564
12566
12568
12570
12572
12574
12576
12578
12580
12582
12838
12860
12862
12884
12886
12891
12897
12901
12903
13274
13276
13278
13729
13731
13733
13735
13906
14185
14187
19453
19455
19457
19459
19461
19463
19465
19467
19475
19477
19479
19481
19483
19485
19487
19489
19491
19493
19495
19497
19499
19501
19503
19505
19507
19511
19515
19517
7031
7035
7039
7041
7043
7067
7069
7075
7077
7083
7085
7091
7093
7826
7827
7829
7831
7833
7835
7837
7839
7841
7843
7845
7847
7849
7851
7853
7855
7857
7882
7886
7888
7892
7894
7896
7898
7900
7904
7910
7912
7916
7918
8076
8078
8084
8088
8108
8114
8124
8128
8130
8132
8134
8142
8144
8146
8148
8150
8152
8162
8164
8455
8457
8459
8461
9430
9434
9436
9438
9440
9442
9444
9446
9448
9450
9452
9456
9458
9460
9462
9464
9466
9468
9484
9486
9488
9490
9492
9494
9496
9498
9500
9502
9504
9506
9508
9510
9512
9514
9522
9524
9526
9528
9530
9586
9588
