	coverage	Sample	totalbp	genome_number	ags	acn
1	1310.43	10714	5043411414	873.246334299463	5.77547390227058	1.50064185617367
2	955.571	10716	3874993792	733.951581541474	5.27963136731933	1.30195373105277
3	1656.89	10718	6014916621	1047.75597988632	5.74076095624156	1.58137012034021
4	1277.36	10720	5027957459	883.613297088005	5.69022385196093	1.44560975282922
5	613.573	12459	4544465038	532.368208435625	8.53631934813313	1.15253501294339
6	705.56	12461	4525043405	587.672636052699	7.69993892414997	1.20060039674321
7	739.773	12463	3843790496	615.496924275771	6.24501982771534	1.20191177375981
8	828.042	12465	4794533214	670.329226680766	7.15250510221796	1.23527658804342
9	936.425	12467	5827926509	762.909881318686	7.63907592719399	1.22743855195766
10	800.789	12469	4640827514	652.397812867606	7.11349336626575	1.22745506530769
11	763.239	12471	4806717239	648.590009924136	7.4110257103131	1.17676650630076
12	734.204	12473	4667571488	601.640417472898	7.75807501032834	1.22033689671966
13	851.643	12475	5120011688	688.64422800154	7.43491556279848	1.23669518362404
14	1009.87	12477	6340556562	792.444365738628	8.00126398285392	1.27437337390709
15	884.214	12479	5197478798	679.129473439584	7.65314862816416	1.30198148450505
16	1231.77	12481	4231985054	734.846126553157	5.75900845235505	1.67622847218056
17	997.089	12483	4180211699	678.135084649311	6.16427581115603	1.47033979301577
18	957.284	12487	3848230669	621.471182099944	6.19213051198428	1.54035139129919
19	983.486	12489	5235033065	755.046382787843	6.93339268201085	1.30255044248897
20	822.466	12491	5015054633	710.789899879091	7.05560761886612	1.15711548537747
21	736.125	12493	4124294890	585.637981209376	7.04239653562615	1.25696253251857
22	814.73	12495	4705591587	656.610296570067	7.16649070473092	1.24081209852465
23	901.193	12497	5179401430	741.622932229585	6.98387442582022	1.21516334087821
24	391.297	12560	3313084313	370.574905040267	8.94039037165779	1.05591877560484
25	544.495	12562	3377603163	479.847883923091	7.03890394469543	1.13472418706606
26	735.874	12564	3952215862	573.037553598655	6.89695786459409	1.28416365625383
27	951.527	12566	5330284584	744.53782967529	7.15918570091282	1.27801027976642
28	1045.69	12568	5860053827	858.762903845682	6.82383205045038	1.21767020363505
29	864.897	12570	5025766911	704.775177780855	7.13102145115946	1.22719560402698
30	542.916	12572	3579706521	504.338109576917	7.09783070726695	1.07649211846284
31	843.252	12574	4688372427	680.443535287407	6.89017116610523	1.23926814830245
32	875.42	12576	5076048896	726.922199149354	6.98293283922269	1.2042829356765
33	695.647	12578	4431358556	615.53642069891	7.19918173317579	1.13014758608455
34	958.575	12580	5469320015	793.957137963822	6.88868422926026	1.20733847479268
35	805.315	12582	4508354900	624.54469791993	7.21862648904914	1.28944333797426
36	1585.41	12838	9640272151	1281.00354765479	7.52556241444375	1.23763123287403
37	1802.34	12860	5983834986	938.828945623189	6.37372229935663	1.91977463882264
38	1273.21	12862	5257030592	859.928537246502	6.11333426476699	1.4805997764382
39	2014.88	12884	10961299605	1671.74298963631	6.55680907469194	1.20525703561547
40	1700.5	12886	8016568480	1277.92784513138	6.2730994637462	1.33066980775051
41	787.752	12891	5432976919	623.575311464025	8.71262351013305	1.26328285536277
42	1157.22	12897	5449106714	927.011590061834	5.87814302692432	1.24833390693941
43	1092.84	12901	5212734265	858.419445493128	6.07247924353052	1.2730839285359
44	908.174	12903	5932315201	726.18909669761	8.16910530325719	1.25060263797677
45	1040.39	13274	4064431535	675.247638798298	6.01917178449265	1.54075325883631
46	1239.27	13276	4963723368	789.173174924002	6.28977710561185	1.57033974212231
47	816.972	13278	4631301665	670.549577283675	6.90672520257325	1.21836181496
48	1468.8	13729	6629122549	1171.82046777904	5.65711449089488	1.25343432751591
49	776.115	13731	2901907859	491.230698911622	5.90742367166692	1.57993993803639
50	958.102	13733	4099427100	699.441310680879	5.86100225622843	1.36981042636347
51	1024.72	13735	3821518667	679.507714895124	5.62395184518224	1.50803291491423
52	844.182	13906	4518173804	621.409988974143	7.27084193071766	1.35849441589058
53	1273.63	14185	6044973614	1024.77133766454	5.89885117959732	1.24284311356972
54	962.653	14187	5991292790	774.741429624795	7.73328049966499	1.24254746576056
55	772.243	19453	4081594799	572.917571849706	7.12422693865415	1.34791292490254
56	886.68	19455	4501280573	647.866197770823	6.94785526469509	1.36861593188669
57	969.276	19457	4559148537	699.529729581096	6.51744785704845	1.3856108740088
58	903.625	19459	4631438473	645.211148403568	7.17817490361019	1.40051051851137
59	1282.44	19461	6464917316	923.485971082337	7.00055823092043	1.38869462033837
60	1204.38	19463	5749098542	838.82454532659	6.85375573954101	1.43579489502311
61	726.85	19465	3922939825	568.358302466756	6.90223017412411	1.2788587706828
62	718.451	19467	3961861579	551.40391790726	7.18504430297926	1.30294866733398
63	986.259	19475	5597739808	807.93380868194	6.92846338134077	1.22071757537784
64	878.671	19477	4821414534	692.041771155113	6.96694149827458	1.26967913877999
65	688.39	19479	3842281357	531.097314297827	7.23460890040453	1.29616546999514
66	743.863	19481	4108888288	583.933174477556	7.03657279221413	1.2738837807349
67	678.392	19483	3984438309	553.558264324673	7.19786617920141	1.22551146594771
68	990.871	19485	5265790698	723.696264510464	7.27624413200749	1.36918075799419
69	1252.2	19487	6062708268	903.470809506049	6.71046391782667	1.38598833169232
70	845.543	19489	3674012185	571.529120610616	6.42839017734515	1.47943992616969
71	930.19	19491	4389933297	688.933579669028	6.3720704383563	1.35018821472873
72	785.042	19493	3920503118	584.427708973723	6.70827727330819	1.34326622086171
73	1226.07	19495	4812666316	779.483893062902	6.17417031811796	1.57292538166797
74	1252.97	19497	6576900880	939.235609697002	7.00239728146776	1.33403161790704
75	795.161	19499	4537342814	598.141034505717	7.5857407404752	1.32938714137393
76	646.3	19501	3610049835	498.642347356155	7.23975782269757	1.29611935975101
77	857.308	19503	4615419950	647.875695246704	7.12392822243857	1.32326001158841
78	743.144	19505	4361465393	587.752449768456	7.42058224464771	1.26438265003023
79	836.702	19507	4333710041	678.203049658069	6.38998902052259	1.2337042725211
80	1450.04	19511	6281721250	894.80088931595	7.02024475501159	1.62051694104653
81	678.117	19515	3617810614	519.947707398247	6.95802782188054	1.30420230794595
82	753.938	19517	4267947703	583.274318291584	7.31722204999675	1.29259591303161
83	1185.4	7031	4802870028	778.940512454937	6.16590092722627	1.52181069163299
84	2557.61	7035	10980472439	1917.99595443313	5.72497163699458	1.33348039347451
85	3203.47	7039	9655218904	1792.38300262455	5.38680566032039	1.78726867823965
86	1240.12	7041	4870009301	816.047597642371	5.96780054873008	1.51966625915303
87	1425.19	7043	5660109535	982.074103078104	5.76342408099305	1.45120413575009
88	1901.82	7067	9398808061	1448.33160787291	6.48940340037428	1.31311088542292
89	2118.76	7069	9548533119	1562.33640746002	6.11170108653079	1.35614838768597
90	2635.37	7075	10658811150	1893.4274416917	5.6293739677063	1.39185159249905
91	2464.15	7077	9495981034	1514.62049228717	6.26954480172158	1.62690919114595
92	1801.63	7083	8938069132	1387.38083127383	6.44240494788549	1.29858360400282
93	1595.59	7085	7638523137	1186.21543145044	6.43940631227499	1.34510979852032
94	2390.54	7091	10491427147	1789.3837773212	5.86315092378126	1.33595712127153
95	2694.9	7093	11681429159	1900.87547507464	6.14528900613088	1.41771517142341
96	823.599	7826	4048845084	563.399613767078	7.18645342499984	1.46183806285053
97	994.742	7827	5095214982	749.02863330115	6.80243018153279	1.3280426885898
98	738.201	7829	4000873778	565.727430976483	7.0720872966938	1.30487043685652
99	1089.47	7831	5927550281	887.548702370518	6.67856340183738	1.22750447056052
100	1006.89	7833	4587367525	676.372481374459	6.78230952814342	1.48866198393213
101	869.842	7835	4295432562	695.496899861053	6.17606284493597	1.25067703418057
102	744.602	7837	4111267063	595.198950250817	6.90738292005977	1.25101363113329
103	524.877	7839	3222263987	445.77735133452	7.22841565941728	1.17744205359173
104	761.53	7841	3885169632	570.767874413536	6.8069171482225	1.33422015172538
105	1051.39	7843	5959182830	905.232906346941	6.58303823051266	1.1614579989617
106	577.656	7845	2872982552	445.957167169515	6.44228361713478	1.29531722444641
107	1062.88	7847	5190300383	789.962788598221	6.57030996638477	1.34548109776926
108	836.259	7849	3664733873	551.228529859962	6.64830224576912	1.51708221672135
109	1686.28	7851	6332252887	1075.02200983075	5.89034720135351	1.56860044220442
110	1333.9	7853	5471672101	888.50502401194	6.1582905590036	1.50128582726177
111	784.148	7855	4434616636	679.209880762359	6.5290814542075	1.15450028365291
112	901.853	7857	3761223391	604.665433714345	6.22033802708965	1.49149091334705
113	865.761	7882	4692550887	674.143221948578	6.96076254158042	1.2842389744683
114	1096.3	7886	5106146658	847.602530228902	6.02422300063338	1.29341284493799
115	958.454	7888	4832479189	835.81888809375	5.7817300587947	1.14672450413982
116	1054.39	7892	4523855799	784.919424283747	5.76346521571701	1.34330985752092
117	1030.67	7894	4390353861	726.27464541337	6.04503253517981	1.41911879549833
118	880.051	7896	3473673549	582.962302267042	5.95865896558229	1.50961905525903
119	1824.34	7898	7037611049	1286.47552127484	5.47045857664362	1.41809149869572
120	1120.51	7900	4319276857	745.259172734712	5.79567084179657	1.50351722057753
121	1372.18	7904	5788936273	992.338640006874	5.83362981104908	1.38277392885809
122	1215.51	7910	4570254869	800.491902002568	5.7093080611643	1.51845383689603
123	1404.44	7912	5267680578	935.421524751884	5.63134420003562	1.50139799313739
124	949.858	7916	3709884546	624.703082117572	5.93863653341442	1.52049513951531
125	842.771	7918	3813012103	596.71220220454	6.39003541223543	1.41235757687944
126	1003.42	8076	4768657419	736.507822116603	6.4746867253842	1.36240236677505
127	1029.26	8078	4626042748	753.757800931546	6.13730662857859	1.36550493902414
128	928.122	8084	4076408939	650.754150691898	6.26413052404792	1.42622524806518
129	897.154	8088	4076653527	727.514641964256	5.60353468074982	1.23317655515183
130	1009.7	8108	3938479416	654.330839811432	6.01909489263109	1.54310318048127
131	1239	8114	5213491586	873.973844617645	5.9652718649502	1.41766256236427
132	1015.8	8124	4591563530	739.260163126606	6.21102523715139	1.37407647627569
133	1011.41	8128	4603572354	762.305851217966	6.03900960047032	1.32677717006111
134	842.383	8130	3682648724	613.181450774711	6.00580581709906	1.3737907416079
135	1203.33	8132	4431830985	728.435627878364	6.08403929652386	1.65193732149649
136	1095.64	8134	3759286024	612.304534966315	6.13956913483715	1.78937103586906
137	622.931	8142	3436409596	484.325642094347	7.09524604383962	1.28618215898355
138	914.456	8144	5396874798	759.222995372921	7.10841851589219	1.20446299120699
139	778.076	8146	4567904339	654.7979552207	6.97605162413861	1.18826882979155
140	1009.75	8148	5652431597	790.22567401873	7.15293337440467	1.27779953651071
141	1210.3	8150	5484269132	858.751757756135	6.38632652855356	1.40937120543711
142	894.77	8152	5214042706	756.44647818908	6.89281113249722	1.18285962827412
143	883.075	8162	4092883187	657.412203899499	6.22574872009174	1.34325921356793
144	1973.89	8164	7456301807	1271.52632649842	5.86405617533177	1.55237839662807
145	1327.42	8455	5521375287	897.96064228515	6.14879430901234	1.47826078058605
146	1690.27	8457	6239429250	1038.22702757487	6.00969641926417	1.62803505891019
147	2501.35	8459	8957390583	1409.56712478289	6.35471019826719	1.77455188619362
148	1809.64	8461	5086050801	842.995825652543	6.03330484710646	2.14667729653252
149	789.811	9430	4348612524	631.626870927673	6.88478075293595	1.25043920129617
150	801.731	9434	4857774481	660.391689662663	7.35589886584039	1.21402345388316
151	811.468	9436	4656702279	688.180615715893	6.76668620512622	1.17914974858142
152	887.945	9438	5477503340	724.618719989063	7.55915240511959	1.22539616422469
153	528.68	9440	3539379204	456.549992009395	7.75244609779156	1.15798928759837
154	856.72	9442	5410823876	719.152721621787	7.52388708729053	1.19129077071137
155	598.438	9444	3805395084	464.756144796229	8.18793925934742	1.28763870408294
156	819.735	9446	5083829647	676.763552973327	7.5119731620659	1.21125760451865
157	713.464	9448	4794687553	607.638930326257	7.89068526341065	1.17415781707226
158	583.508	9450	4016692073	484.105888722557	8.29713533045243	1.20533134091746
159	557.02	9452	3648916700	450.815683792148	8.094032286779	1.23558256739093
160	649.947	9456	4299022000	565.175547159387	7.60652512587849	1.1499913668712
161	576.61	9458	3574258966	458.595132804302	7.79393131397505	1.2573399906668
162	587.571	9460	3870544346	485.97181069828	7.96454498140235	1.20906395610835
163	785.182	9462	4614383220	619.865260374702	7.44417136267751	1.26669786192787
164	930.622	9464	5583983991	761.580792550392	7.33209666738086	1.22196096475007
165	961.853	9466	5209272496	751.147116961661	6.93508951624703	1.28051213707726
166	745.448	9468	4664056949	619.277568030993	7.5314482386783	1.20373809497116
167	784.964	9484	4415804925	623.829952116235	7.07853944816235	1.25829803031603
168	792.791	9486	4409823118	613.452220376582	7.18853558846511	1.29234351701152
169	1016.47	9488	5458687225	861.937017777476	6.33304651316096	1.17928570073599
170	1095.22	9490	5113374062	833.329248136752	6.13607895490652	1.31427044286374
171	969.942	9492	4779277885	742.569775530013	6.43613306451743	1.30619644370483
172	932.372	9494	4932630644	752.000541634596	6.55934453621286	1.23985548996193
173	1164.59	9496	4967202046	818.541911481581	6.06835395515575	1.42276160043175
174	877.737	9498	4623188706	691.242303424887	6.68823172872025	1.26979641675732
175	1039.94	9500	5020953646	767.714123682059	6.54013452549087	1.35459276821991
176	1001.45	9502	4599764465	728.980112178634	6.30986276326952	1.3737686162755
177	1104.48	9504	6202528632	909.5621583669	6.81924657368828	1.21429853896195
178	1426.72	9506	5740616208	957.961277346632	5.99253471278129	1.4893295102196
179	1411.01	9508	5843246230	982.907369366272	5.94485951790902	1.43554727940411
180	1263.68	9510	5348773708	887.657846342371	6.02571557277371	1.42361159224474
181	1336.78	9512	5289906729	892.955505124435	5.92404290991279	1.49702867872875
182	1399.79	9514	4935566260	895.177303131112	5.5135069250936	1.56370139759339
183	1122.18	9522	4680317157	833.095510559007	5.61798388981775	1.34700041685139
184	1494.65	9524	5315538884	965.147933115559	5.50748616001394	1.54862270198847
185	1276.17	9526	4780258989	887.604205936755	5.38557496351095	1.43776921229566
186	1201.04	9528	5015101095	911.964408590102	5.49922896964077	1.31698122063427
187	1244.34	9530	4659677301	855.54047118612	5.4464720932954	1.45444902013209
188	630.754	9586	4401994156	588.154444872934	7.4844187515254	1.07242919865422
189	755.26	9588	4658512018	654.219437083769	7.12071784165517	1.15444445271548
